T12R1
252.124
227.757
299.226
164.760
280.938
290.309
326.562
213.175
199.167
234.836


T12R2
553.268
391.946
345.143
277.014
246.172
246.476
579.771
461.128
530.939
416.625


T12R3
739.152
310.905
1038.948
558.222
803.675
588.751
840.370
951.572
919.951
701.468


T12R4
59.352
85.288
124.519
152.455
123.664
137.256
129.820
103.865
133.749
116.501


T12R5
200.536
234.268
448.311
227.323
272.838
353.448
356.715
235.146
182.521
149.423


T12R6
515.850
742.662
567.561
479.719
569.957
570.175
577.388
564.979
280.777
763.493


T12R7
221.592
135.180
184.488
91.405
119.296
144.844
154.877
147.552
193.189
159.930


T12R8
231.504
347.146
257.144
363.407
159.440
588.235
509.538
445.786
560.422
418.068


T12R9
249.964
81.817
143.641
172.465
162.089
206.777
175.499
176.079
138.948
93.033


T12R10
517.161
432.941
425.137
499.337
246.276
675.631
655.933
324.977
391.793
331.954


T12R11
339.704
329.781
380.528
297.532
411.265
258.892
271.958
342.864
369.051
364.169


T12R12
704.077
717.763
747.631
668.308
655.069
687.270
653.885
633.601
707.034
640.945


T12R13
1036.782
1071.060
1385.588
1155.385
1295.184
1137.136
1201.966
1119.018
1089.283
1139.940


T12R14
169.039
188.775
168.257
192.471
182.500
186.079
228.978
128.919
222.059
187.347


T12R15
436.038
521.154
468.565
529.124
577.154
525.142
431.427
424.245
488.282
435.111


T12R16
1000.265
859.415
907.402
981.272
926.793
924.071
888.622
894.153
929.412
784.933


T12R17
239.042
246.546
245.329
193.583
292.586
227.355
211.185
226.590
272.965
226.703


T12R18
623.177
673.649
565.461
520.155
686.466
565.543
663.744
672.361
596.545
511.661


T12R19
267.477
290.553
303.342
229.784
277.607
249.600
262.508
263.834
281.142
268.797


T12R20
853.613
751.884
771.976
836.456
667.291
735.367
878.995
766.884
694.934
719.212


T12R21
313.274
374.271
432.139
334.178
400.526
347.837
437.219
422.240
455.006
379.996


T12R22
804.170
848.705
790.886
830.313
733.935
801.363
826.939
738.753
804.175
815.806


T12R23
1166.886
1347.844
1228.775
1336.706
1311.561
1298.623
1267.035
1168.180
1345.282
1268.820


T12R24
185.414
212.208
246.946
172.412
251.437
196.145
185.020
180.025
190.703
177.674


T12R25
552.027
552.716
553.055
574.994
603.811
564.614
634.155
579.378
505.734
608.078


T12R26
1087.390
1088.149
1095.235
1132.363
1020.424
1094.316
1078.667
1047.250
1103.540
1037.603


T12R27
247.512
226.988
222.471
228.498
286.509
243.031
257.426
273.949
261.281
267.433


T12R28
704.569
685.995
768.940
719.027
701.880
755.163
720.358
726.621
701.217
753.982


T12R29
296.931
305.120
348.611
310.180
304.185
292.867
280.009
290.779
312.129
281.231


T12R30
881.542
862.444
888.765
883.426
938.052
872.218
882.319
874.403
877.107
878.410


